#min_caml_start:
	000111 00000 00000 00000 00000001010
	100100 00000 00000 00000 00000000100
	011100 00000 00000 00000 00000000000
	100000 00000 00000 00000 00000000000
#fib:
	110100 00000 00000 00000 00000010011
	110100 00000 00000 00001 00000010011
	010100 00000 11111 00000 00000000000
	000001 00000 00000 11111 11111111111
	000001 11111 11111 00000 00000000001
	100100 00000 00000 00000 00000000100
	010100 00000 11111 00000 00000000000
	010000 00000 11111 11111 11111111111
	000001 00000 00000 11111 11111111110
	000001 11111 11111 00000 00000000001
	100100 00000 00000 00000 00000000100
	010000 00001 11111 11111 11111111111
	000000 00000 00000 00001 00000000000
	000001 11111 11111 11111 11111111110
	011101 00000 00000 00000 00000000000
#return_1:
	000111 00000 00000 00000 00000000001
	011101 00000 00000 00000 00000000000
